{
    "scene_name": "0002c6eafa154e8bb08ebafb715a8d46",
    "frames": [
        {
            "file_path": "000.png",
            "w2c": [
                [
                    -1.2844618728016414e-07,
                    1.000000059999987,
                    -1.3535727264606844e-08,
                    2.201500034538704e-07
                ],
                [
                    0.15517688375667954,
                    1.3535727264606848e-08,
                    -0.9878867036481709,
                    1.461266403119547e-08
                ],
                [
                    -0.9878867366481554,
                    -1.2844618728016414e-07,
                    -0.15517688375667954,
                    1.7067121144449247
                ],
                [
                    0.0,
                    0.0,
                    0.0,
                    1.0
                ]
            ],
            "h": 512,
            "w": 512,
            "fx": 512.0,
            "fy": 512.0,
            "cx": 256.0,
            "cy": 256.0
        },
        {
            "file_path": "006.png",
            "w2c": [
                [
                    -0.9999999999999981,
                    -4.3711384491751016e-08,
                    -1.4185636059511683e-16,
                    -8.55713358113822e-15
                ],
                [
                    -6.782997257021667e-09,
                    0.15517689963835996,
                    -0.9878866976977301,
                    -1.374038358091029e-08
                ],
                [
                    4.3181895467310974e-08,
                    -0.9878866976977282,
                    -0.15517689963836026,
                    1.7067120529791624
                ],
                [
                    0.0,
                    0.0,
                    0.0,
                    1.0
                ]
            ],
            "h": 512,
            "w": 512,
            "fx": 512.0,
            "fy": 512.0,
            "cx": 256.0,
            "cy": 256.0
        },
        {
            "file_path": "012.png",
            "w2c": [
                [
                    -1.2762617402778845e-07,
                    -1.0000000599999868,
                    2.404048305680739e-08,
                    -3.689476820697576e-07
                ],
                [
                    -0.1551768837566809,
                    3.0309748867351376e-09,
                    -0.9878867036481707,
                    1.461266217686542e-08
                ],
                [
                    0.9878867366481554,
                    -1.2926621518014713e-07,
                    -0.15517688375667818,
                    1.7067121144449053
                ],
                [
                    0.0,
                    0.0,
                    0.0,
                    1.0
                ]
            ],
            "h": 512,
            "w": 512,
            "fx": 512.0,
            "fy": 512.0,
            "cx": 256.0,
            "cy": 256.0
        },
        {
            "file_path": "018.png",
            "w2c": [
                [
                    0.9999999999999999,
                    1.1924881329263395e-08,
                    -2.3033306674578565e-16,
                    -2.028860808950434e-16
                ],
                [
                    1.8504660864862944e-09,
                    -0.15517689963836023,
                    -0.9878866976977301,
                    -1.374038363710211e-08
                ],
                [
                    -1.1780431813834444e-08,
                    0.98788669769773,
                    -0.15517689963836026,
                    1.7067120529791626
                ],
                [
                    0.0,
                    0.0,
                    0.0,
                    1.0
                ]
            ],
            "h": 512,
            "w": 512,
            "fx": 512.0,
            "fy": 512.0,
            "cx": 256.0,
            "cy": 256.0
        }
    ]
}